Edge	2	11	6	1	0	0	83	2
	Sequence	+edge_2_0_+disjointig_1_4774_9451 4677 1 168120 4774 9451
	Sequence	+edge_2_1_-disjointig_1_122323_126943 4620 -1 168120 122323 126943
Edge	3	4	8	1	0	0	83	3
	Sequence	-edge_2_0_+disjointig_1_4774_9451 4677 -1 168120 158668 163345
	Sequence	-edge_2_1_-disjointig_1_122323_126943 4620 1 168120 41176 45796
Edge	4	11	6	1	0	0	43	2
	Sequence	+edge_3_0_+disjointig_1_158051_162602 4551 1 168120 158051 162602
Edge	5	4	8	1	0	0	43	3
	Sequence	-edge_3_0_+disjointig_1_158051_162602 4551 -1 168120 5517 10068
Edge	12	10	1	0	0	0	79	-1
	Sequence	+edge_7_0_+disjointig_1_19504_30988 11484 1 168120 19504 30988
Edge	13	10	1	0	0	0	79	-1
	Sequence	-edge_7_0_+disjointig_1_19504_30988 11484 -1 168120 137131 148615
Edge	14	7	2	0	0	0	83	-1
	Sequence	+edge_8_0_+disjointig_1_60345_143786 83441 1 168120 60345 143786
Edge	15	7	2	0	0	0	83	-1
	Sequence	-edge_8_0_+disjointig_1_60345_143786 83441 -1 168120 24333 107774
Edge	16	2	3	1	0	0	139	-1
	Sequence	+edge_9_0_-disjointig_1_107774_122323 14549 -1 168120 107774 122323
	Sequence	+edge_9_1_+disjointig_1_143786_158051 14265 1 168120 143786 158051
Edge	17	5	7	1	0	0	139	-1
	Sequence	-edge_9_0_-disjointig_1_107774_122323 14549 1 168120 45796 60345
	Sequence	-edge_9_1_+disjointig_1_143786_158051 14265 -1 168120 10068 24333
Edge	18	0	10	1	0	0	153	-1
	Sequence	+edge_10_0_+disjointig_1_9451_19504 10053 1 168120 9451 19504
	Sequence	+edge_10_1_-disjointig_1_126943_137131 10188 -1 168120 126943 137131
Edge	19	1	9	1	0	0	153	-1
	Sequence	-edge_10_0_+disjointig_1_9451_19504 10053 -1 168120 148615 158668
	Sequence	-edge_10_1_-disjointig_1_126943_137131 10188 1 168120 30988 41176
Edge	20	3	0	1	0	0	146	-1
	Sequence	+edge_11_haplotype 4551 * 0 0 0
Edge	21	9	5	1	0	0	146	-1
	Sequence	-edge_11_haplotype 4551 * 0 0 0
